.Random.seed <-
c(403L, 48L, 2092054452L, -1333249022L, 2035946032L, -1732903347L, 
-741830795L, 1683349953L, -433535180L, -267171803L, -1994552881L, 
1131412456L, -1376775122L, -1135693961L, -1344370422L, -207306372L, 
-168643350L, 1787169105L, 197481967L, 1681021811L, 1533436438L, 
-905156450L, 715292289L, 996162470L, 296619357L, 1596368503L, 
1475199707L, 777161109L, 465575075L, 17533907L, -1251209854L, 
-1486997581L, -981458428L, 98973263L, 1889033587L, 9672298L, 
1804340765L, -1166220697L, 1845606805L, -1052341328L, 1202026447L, 
909171628L, -1373504294L, 2130352197L, 1033261446L, -1318830752L, 
-1913418171L, -1976826670L, 1758373959L, -1291104362L, -1918407912L, 
634223010L, -970215845L, -691291908L, 332729719L, 1639098126L, 
1487189549L, 172446592L, 1943753944L, 756700935L, -41396221L, 
37429337L, -1769982477L, 1109128808L, -1820075869L, 1922802395L, 
-686893037L, 1386047185L, -1783983201L, -1147415023L, 846469040L, 
1909998958L, 1477576797L, -1116728791L, -197710028L, -1952736014L, 
-2043492849L, 444869397L, -756273910L, 2082305120L, -1159064921L, 
-827731042L, 143755974L, 1823381265L, 232304236L, -151793167L, 
215391028L, -1701786847L, 1266198777L, -1830441352L, -1509389360L, 
2121371827L, -1568319723L, 165675811L, -1528986151L, 2056474767L, 
630740237L, -37940664L, -1593200395L, 2057509084L, 2071009906L, 
-563205252L, -1090599658L, -1503921105L, -1654166324L, -865241136L, 
430783262L, 1717263154L, 565284331L, 944169297L, 2066619537L, 
1726814135L, -189294271L, -427717625L, 1755111355L, 2040298259L, 
2068505093L, 405953998L, 434834277L, -1217364045L, -1062886372L, 
1415141123L, 2063528541L, 1075949250L, 1088577715L, 1572815724L, 
-2030710833L, -799478742L, -1238294880L, 1953017045L, -318982439L, 
-1533832150L, -359262277L, -728384733L, 1822785358L, 1835253708L, 
-332580646L, -999275738L, 1749453586L, -1177416779L, -543451857L, 
1804226680L, -566370266L, -1253443715L, 816367304L, -1287989551L, 
-1692439312L, 1984593690L, 1456637333L, 1582312935L, 1773884860L, 
1580156778L, 254209516L, -1881546707L, -523343353L, 1004580483L, 
-998569613L, -1142913894L, 1481568362L, 1197237046L, 1901646842L, 
-1251556714L, 1279177480L, -950142699L, -452290174L, -1802828546L, 
-2060781562L, -425608607L, -1152055347L, -245487157L, 2127465422L, 
-798708608L, 2141662547L, -2090365925L, -1986453412L, 812083903L, 
1636452094L, 275843942L, 703903903L, -1943341114L, 1460104236L, 
-75164990L, 1986595669L, -1416835455L, -322313241L, 207294683L, 
1808552858L, -1179527441L, 258129507L, 879525723L, 176790831L, 
-1367144150L, -97940853L, -422548467L, -2024201575L, -1903904500L, 
-685312172L, -1661748203L, 250700147L, 1220744674L, 2085483729L, 
955699384L, -1335671105L, -1942679417L, 1350226862L, -1163741556L, 
-172916232L, 472296524L, 561895335L, -512881590L, 1035412551L, 
-1388547242L, -353153283L, 1726315628L, -326407034L, 1907131360L, 
-146613072L, 669039555L, -1350607853L, 1361411278L, 1918621440L, 
1217665055L, -118799713L, 732020175L, 621324761L, -836222651L, 
-1222240121L, 1820621715L, 2116858005L, 316063335L, -1337122353L, 
-1416068126L, 48858134L, 1470253890L, 1006556371L, 1636149386L, 
-996974906L, -1565264909L, -1158162145L, 1617112303L, -626763945L, 
-1853619990L, 1456576428L, 702969457L, 894764213L, 1802957065L, 
-1492335237L, -184067982L, 954442649L, 1157516001L, -967713043L, 
-1192691074L, -1862351131L, -505316744L, 1801048700L, -1937633357L, 
-882637361L, 22224543L, -632309323L, 1368318269L, 1193085065L, 
1435667258L, 1475328023L, -636494762L, -1528242483L, -1816819466L, 
-1039640044L, -206189413L, 288192276L, 774799588L, 556671359L, 
171199753L, -1745526102L, -1883881743L, 1495369170L, 1807328694L, 
-2068887049L, -27641399L, 342265697L, 1391018057L, 2007784001L, 
-346400241L, -836977969L, -1721007281L, -889606120L, -2004589797L, 
730231222L, -1014950027L, 570518575L, -1134253320L, 614353066L, 
-1652035126L, -2051063547L, -288792680L, -2110668912L, -751218250L, 
295771584L, -1517463472L, -595749914L, -2536388L, -1460923201L, 
1612809073L, -389633861L, 848192284L, 982263203L, 1656243698L, 
-309099994L, -977931227L, -570420541L, -1933997772L, 521466565L, 
1738783611L, -690250658L, 1034404904L, -1260489287L, 1562451892L, 
-1908421608L, -1022994067L, 946105546L, 589260650L, -322618853L, 
653331505L, -1920656758L, -191434492L, -1498592211L, -1255942241L, 
1755399141L, -1068971946L, 471858010L, -1089408171L, 1219226606L, 
21156634L, -429195675L, -1788667347L, 434591970L, 1403973907L, 
832037479L, 296705374L, -1304788565L, 395362364L, 1830719069L, 
2109957389L, 288087086L, -1725640165L, -1223751848L, -378103373L, 
-1245609255L, -1420348500L, -508419240L, -1781019279L, 523118837L, 
-207258921L, -2145733508L, 1915285727L, -2005577482L, -391016355L, 
402070381L, 622483723L, -604759991L, 781465990L, -7720625L, -888265277L, 
74079043L, 1195163370L, 1987972579L, 181196439L, 486222361L, 
-1979331479L, 1496946989L, 330453840L, 1537223938L, -1995659245L, 
1478731967L, 1090656412L, -1235539589L, -753567256L, -885314338L, 
-752772871L, -1984190760L, 619721133L, -1201448465L, -527866024L, 
-1930353547L, -45832063L, -1854564853L, -687725908L, 6872624L, 
-890697845L, 1416933209L, -16641726L, -1746247101L, 1440891275L, 
-1998331459L, -732120850L, -94585081L, -1560001325L, 1010818481L, 
-783713914L, 466252620L, -605904088L, 1126656965L, 879783811L, 
256814072L, 1144346961L, 194805456L, 112102564L, 1443292041L, 
1358910722L, -328774955L, -1276157252L, -309704657L, -332643354L, 
-426375076L, -767776887L, 1579258180L, 1980963555L, 300925362L, 
776504931L, -775653729L, -1792605671L, 425902732L, -1449572047L, 
-862795603L, 1317019700L, -648680273L, -1120649532L, 1164424423L, 
-521706906L, -513084474L, -1753005820L, 2096360377L, -1669969347L, 
-1514888249L, 765034536L, 212715073L, -273440545L, 1046029055L, 
-195610145L, -1740867451L, -766066414L, 305969561L, 255828824L, 
1345631598L, 856461929L, 577238574L, -453343293L, 1748587934L, 
2105838750L, 1448973385L, 501760214L, -1068704976L, -1742665603L, 
-1194915439L, 1382115276L, -1600661514L, 1067711076L, -43172492L, 
1876684139L, 2081047594L, 766491377L, 584763644L, 2143808122L, 
1929672868L, -1538801494L, 596966449L, 1896025487L, -1890821350L, 
351010498L, 1239926260L, -1430824671L, -1659203787L, 1239708460L, 
-1578998144L, -428484672L, 1263552588L, -1971361055L, -1341056636L, 
931761220L, -1098426546L, -2013591069L, -458472595L, 2027042709L, 
-1936569924L, -1507176639L, 548376351L, -1844692975L, -2117520817L, 
600616834L, 128559481L, 1960007851L, -767367470L, 398960229L, 
-1930797819L, 1521872705L, -1845148472L, 52963587L, -181166724L, 
11050296L, 602486257L, -830628360L, -1781676971L, 1549553814L, 
414555858L, 91700353L, 516401226L, -928654640L, -400904647L, 
-1876405865L, 147509210L, -577205591L, 1967605488L, -546106885L, 
744869812L, 1133909903L, -904473916L, -1426811736L, -1601394147L, 
-443863485L, -430375309L, 200268720L, -1746836294L, -1821814346L, 
-362267415L, -1624169531L, -1226674015L, 1530008652L, -75101291L, 
-1764071638L, -1106137742L, -193877591L, 1183149534L, 1758916940L, 
-142107016L, -892104344L, 610987010L, 1586781061L, 1205023686L, 
-181678507L, 1917876296L, 640073159L, -1693371261L, -887385417L, 
2004850647L, 2025114322L, 868681991L, -322509521L, 2117520794L, 
-413527882L, 943194967L, 1989636450L, -1602855399L, -287369117L, 
-1599904399L, -1927772814L, -830853478L, -1648762230L, 515070170L, 
-1239459525L, 21482487L, -563096178L, -1551031235L, -127989444L, 
-1389683738L, -1413894457L, 1205575217L, 864762989L, -1019749189L, 
363908704L, 66047490L, 1282779189L, 1590165703L, -2017429787L, 
677898575L, -399971287L, 116196001L, 903012891L, -393202589L, 
299777396L, 25863190L, 1500485043L, -907821317L, 493400722L, 
-1709337765L, 887401441L, -442673829L, 1869231501L, -879280340L, 
1606940297L, 1818063411L, -641109378L, 1729276356L, 1234972223L, 
1419546844L, -339844315L, -182220637L, 1868083178L, -984909084L, 
-553053311L, 478855320L, 962667561L, 453782979L, 1558896814L, 
